3 0.66875 0.453125 0.1078125 0.109375
3 0.76328125 0.50625 0.159375 0.125
3 0.88125 0.60625 0.2375 0.1796875
3 0.0890625 0.3640625 0.1765625 0.1625
3 0.27265625 0.36640625 0.1515625 0.115625
3 0.4140625 0.378125 0.1203125 0.0921875
3 0.54296875 0.4140625 0.109375 0.08125
3 0.171875 0.26875 0.0953125 0.075
3 0.25859375 0.26796875 0.0640625 0.0546875
3 0.31953125 0.30078125 0.078125 0.06875
3 0.37109375 0.29765625 0.05 0.040625
3 0.42109375 0.31328125 0.0703125 0.0515625
3 0.51640625 0.359375 0.0703125 0.0515625
3 0.6234375 0.3875 0.0734375 0.0546875
3 0.4953125 0.3234375 0.0390625 0.0265625
3 0.9390625 0.475 0.121875 0.125
