3 0.12578125 0.80859375 0.0984375 0.0734375
3 0.04453125 0.790625 0.075 0.0671875
3 0.2390625 0.70859375 0.05625 0.046875
3 0.0875 0.71484375 0.0640625 0.0578125
3 0.31640625 0.75390625 0.06875 0.059375
3 0.2578125 0.74140625 0.0625 0.0703125
3 0.12265625 0.7203125 0.0703125 0.0578125
3 0.171875 0.7265625 0.0703125 0.0703125
3 0.71796875 0.7453125 0.078125 0.0828125
3 0.659375 0.65390625 0.0546875 0.040625
3 0.1359375 0.63671875 0.05625 0.0359375
3 0.33046875 0.6609375 0.046875 0.0359375
3 0.3703125 0.63359375 0.0390625 0.03125
3 0.05 0.62578125 0.0578125 0.0484375
3 0.14140625 0.60546875 0.0453125 0.0296875
3 0.14140625 0.5796875 0.0328125 0.0328125
3 0.2625 0.621875 0.0296875 0.046875
3 0.4359375 0.66953125 0.0421875 0.04375
3 0.48515625 0.68125 0.040625 0.05625
3 0.89921875 0.6703125 0.121875 0.075
